{
  "experiment": "Wave 22c \u2014 Zero-Parameter Boltzmann",
  "timestamp": 1773763948754,
  "elapsed_seconds": 5.032811880111694,
  "max_prime": 100000000,
  "results": {
    "mod_6": {
      "modulus": 6,
      "phi_m": 2,
      "columns": [
        1,
        5
      ],
      "scales": [
        {
          "n_primes": 1061,
          "log10_mid": 3.5,
          "ln_N": 8.05904782547916,
          "lambda_pnt": 0.12408413768664338,
          "r2_zero_param": 0.9021743722785978,
          "frob_zero": 0.06609497988306838,
          "max_err_zero": 0.043934777560671545,
          "mean_err_zero": 0.029936210894768986,
          "lambda_fitted": 0.1300633601150962,
          "r2_fitted": 0.9039476577450638,
          "lambda_ratio": 1.048186839510079,
          "frob_fitted": 0.06549318828553566,
          "max_err_fitted": 0.04099293517124064,
          "mean_err_fitted": 0.03126979253603347,
          "leading_mag": 0,
          "leading_angle": 0,
          "T_empirical": [
            [
              0.39433962264150946,
              0.6056603773584905
            ],
            [
              0.6056603773584905,
              0.39433962264150946
            ]
          ],
          "T_zero_param": [
            [
              0.438274400202181,
              0.561725599797819
            ],
            [
              0.621598021587357,
              0.37840197841264306
            ]
          ],
          "T_fitted": [
            [
              0.4353325578127501,
              0.5646674421872501
            ],
            [
              0.6272070272593169,
              0.372792972740683
            ]
          ],
          "residual_zero": [
            [
              -0.043934777560671545,
              0.043934777560671545
            ],
            [
              -0.015937644228866454,
              0.0159376442288664
            ]
          ]
        },
        {
          "n_primes": 8363,
          "log10_mid": 4.5,
          "ln_N": 10.361632918473207,
          "lambda_pnt": 0.09650988486738928,
          "r2_zero_param": 0.8702685336727235,
          "frob_zero": 0.06892486267797455,
          "max_err_zero": 0.04873036939802816,
          "mean_err_zero": 0.024774283073658962,
          "lambda_fitted": 0.11674853778579805,
          "r2_fitted": 0.8958929467567806,
          "lambda_ratio": 1.2097054923049382,
          "frob_fitted": 0.0617437955330464,
          "max_err_fitted": 0.0387255609680307,
          "mean_err_fitted": 0.029443443546590384,
          "leading_mag": 0,
          "leading_angle": 0,
          "T_empirical": [
            [
              0.4031639501438159,
              0.5968360498561841
            ],
            [
              0.5945107398568019,
              0.4054892601431981
            ]
          ],
          "T_zero_param": [
            [
              0.45189431954184406,
              0.548105680458156
            ],
            [
              0.5953289366060918,
              0.40467106339390835
            ]
          ],
          "T_fitted": [
            [
              0.44188951111184654,
              0.5581104888881534
            ],
            [
              0.614672065981952,
              0.385327934018048
            ]
          ],
          "residual_zero": [
            [
              -0.04873036939802816,
              0.048730369398028106
            ],
            [
              -0.0008181967492898456,
              0.0008181967492897346
            ]
          ]
        },
        {
          "n_primes": 68906,
          "log10_mid": 5.5,
          "ln_N": 12.664218011467252,
          "lambda_pnt": 0.07896263307331851,
          "r2_zero_param": 0.8716979277861263,
          "frob_zero": 0.05702084130414933,
          "max_err_zero": 0.040302687075161936,
          "mean_err_zero": 0.02073904797819473,
          "lambda_fitted": 0.09684311680378481,
          "r2_fitted": 0.9014156367379089,
          "lambda_ratio": 1.2264423441131185,
          "frob_fitted": 0.04998282554039907,
          "max_err_fitted": 0.031431402304384015,
          "mean_err_fitted": 0.023796672221329487,
          "leading_mag": 0,
          "leading_angle": 0,
          "T_empirical": [
            [
              0.42029784886927746,
              0.5797021511307225
            ],
            [
              0.5794880724360091,
              0.420511927563991
            ]
          ],
          "T_zero_param": [
            [
              0.46060053594443934,
              0.5393994640555606
            ],
            [
              0.5783126635547815,
              0.4216873364452185
            ]
          ],
          "T_fitted": [
            [
              0.4517292511736615,
              0.5482707488263385
            ],
            [
              0.595650014574284,
              0.404349985425716
            ]
          ],
          "residual_zero": [
            [
              -0.04030268707516188,
              0.040302687075161936
            ],
            [
              0.0011754088812275798,
              -0.0011754088812275243
            ]
          ]
        },
        {
          "n_primes": 586081,
          "log10_mid": 6.5,
          "ln_N": 14.966803104461299,
          "lambda_pnt": 0.06681453567742335,
          "r2_zero_param": 0.8688864401482146,
          "frob_zero": 0.04924343627818544,
          "max_err_zero": 0.034791125742847595,
          "mean_err_zero": 0.01810893125228008,
          "lambda_fitted": 0.08238515157107636,
          "r2_fitted": 0.9002822311509855,
          "lambda_ratio": 1.2330423422955004,
          "frob_fitted": 0.042944823569858334,
          "max_err_fitted": 0.02704913767391437,
          "mean_err_fitted": 0.020425168209851477,
          "leading_mag": 0,
          "leading_angle": 0,
          "T_empirical": [
            [
              0.4318512298523358,
              0.5681487701476642
            ],
            [
              0.5678463963318527,
              0.4321536036681473
            ]
          ],
          "T_zero_param": [
            [
              0.4666423555951834,
              0.5333576444048166
            ],
            [
              0.5664196595701402,
              0.4335803404298599
            ]
          ],
          "T_fitted": [
            [
              0.4589003675262502,
              0.5410996324737498
            ],
            [
              0.5816475950776413,
              0.4183524049223587
            ]
          ],
          "residual_zero": [
            [
              -0.034791125742847595,
              0.034791125742847595
            ],
            [
              0.001426736761712566,
              -0.001426736761712566
            ]
          ]
        },
        {
          "n_primes": 5096876,
          "log10_mid": 7.5,
          "ln_N": 17.269388197455346,
          "lambda_pnt": 0.057905930920433564,
          "r2_zero_param": 0.8647600947471573,
          "frob_zero": 0.044147584145710426,
          "max_err_zero": 0.031128450850595568,
          "mean_err_zero": 0.016739399943544675,
          "lambda_fitted": 0.0726015728924599,
          "r2_fitted": 0.9010036822451482,
          "lambda_ratio": 1.253784746025741,
          "frob_fitted": 0.0377714828222225,
          "max_err_fitted": 0.023811958663593424,
          "mean_err_fitted": 0.017954389906031154,
          "leading_mag": 0,
          "leading_angle": 0,
          "T_empirical": [
            [
              0.43995090104354906,
              0.5600490989564509
            ],
            [
              0.5599987757754207,
              0.44000122422457927
            ]
          ],
          "T_zero_param": [
            [
              0.4710793518941446,
              0.5289206481058554
            ],
            [
              0.5576484267389269,
              0.44235157326107305
            ]
          ],
          "T_fitted": [
            [
              0.4637628597071425,
              0.5362371402928576
            ],
            [
              0.5720955969238897,
              0.4279044030761104
            ]
          ],
          "residual_zero": [
            [
              -0.031128450850595568,
              0.031128450850595568
            ],
            [
              0.002350349036493782,
              -0.002350349036493782
            ]
          ]
        }
      ],
      "ratios_lambda_lnN": [
        1.048186839510079,
        1.2097054923049382,
        1.2264423441131185,
        1.2330423422955004,
        1.253784746025741
      ],
      "r2_zero_params": [
        0.9021743722785978,
        0.8702685336727235,
        0.8716979277861263,
        0.8688864401482146,
        0.8647600947471573
      ],
      "r2_fitted": [
        0.9039476577450638,
        0.8958929467567806,
        0.9014156367379089,
        0.9002822311509855,
        0.9010036822451482
      ]
    },
    "mod_30": {
      "modulus": 30,
      "phi_m": 8,
      "columns": [
        1,
        7,
        11,
        13,
        17,
        19,
        23,
        29
      ],
      "scales": [
        {
          "n_primes": 1061,
          "log10_mid": 3.5,
          "ln_N": 8.05904782547916,
          "lambda_pnt": 0.12408413768664338,
          "r2_zero_param": 0.9512279061384031,
          "frob_zero": 0.24544987190093656,
          "max_err_zero": 0.09536595494708444,
          "mean_err_zero": 0.02263748021327474,
          "lambda_fitted": 0.1417267584822229,
          "r2_fitted": 0.9629528640878345,
          "lambda_ratio": 1.1421827247583687,
          "frob_fitted": 0.21392149677737957,
          "max_err_fitted": 0.07885535191883752,
          "mean_err_fitted": 0.02074581420810475,
          "leading_mag": 0.6077389900153155,
          "leading_angle": 80.97690244384971,
          "T_empirical": [
            [
              0.007462686567164179,
              0.43283582089552236,
              0.23880597014925373,
              0.13432835820895522,
              0.09701492537313433,
              0.05223880597014925,
              0.014925373134328358,
              0.022388059701492536
            ],
            [
              0.022900763358778626,
              0.007633587786259542,
              0.4198473282442748,
              0.25190839694656486,
              0.1297709923664122,
              0.07633587786259542,
              0.04580152671755725,
              0.04580152671755725
            ],
            [
              0.0,
              0.007575757575757576,
              0.015151515151515152,
              0.4166666666666667,
              0.2803030303030303,
              0.15151515151515152,
              0.10606060606060606,
              0.022727272727272728
            ],
            [
              0.03007518796992481,
              0.0,
              0.007518796992481203,
              0.015037593984962405,
              0.42105263157894735,
              0.2556390977443609,
              0.16541353383458646,
              0.10526315789473684
            ],
            [
              0.10687022900763359,
              0.04580152671755725,
              0.015267175572519083,
              0.015267175572519083,
              0.007633587786259542,
              0.4198473282442748,
              0.26717557251908397,
              0.12213740458015267
            ],
            [
              0.12878787878787878,
              0.09848484848484848,
              0.06060606060606061,
              0.03787878787878788,
              0.007575757575757576,
              0.022727272727272728,
              0.4015151515151515,
              0.24242424242424243
            ],
            [
              0.2537313432835821,
              0.14925373134328357,
              0.07462686567164178,
              0.04477611940298507,
              0.029850746268656716,
              0.0,
              0.007462686567164179,
              0.44029850746268656
            ],
            [
              0.45864661654135336,
              0.24060150375939848,
              0.16541353383458646,
              0.09774436090225563,
              0.015037593984962405,
              0.015037593984962405,
              0.007518796992481203,
              0.0
            ]
          ],
          "T_zero_param": [
            [
              0.017845368802971318,
              0.35064114733712864,
              0.2134551579273354,
              0.1665438273497536,
              0.1013846755828256,
              0.07910322744191961,
              0.048154621995753905,
              0.02287197356231181
            ],
            [
              0.027127429631633327,
              0.012884699902802707,
              0.32448137329719035,
              0.25316966025723625,
              0.1541187342758161,
              0.12024785028306427,
              0.07320168801499981,
              0.03476856433725724
            ],
            [
              0.039696996227439885,
              0.018854859836658175,
              0.011478022801077806,
              0.3704764949943632,
              0.22553005928695197,
              0.17596501120320665,
              0.10711988464934105,
              0.05087867100096132
            ],
            [
              0.06217431901226933,
              0.02953090112157366,
              0.0179771347730089,
              0.014026275396439284,
              0.3532301983914434,
              0.2756003169323748,
              0.16777354746407583,
              0.07968730690881484
            ],
            [
              0.09487795342300831,
              0.04506412785316109,
              0.027433091069901314,
              0.021404083308078373,
              0.013029879743186463,
              0.4205658292472189,
              0.2560222785675905,
              0.12160275678785508
            ],
            [
              0.16091906382178048,
              0.07643163669166098,
              0.0465282731492354,
              0.036302691232630496,
              0.02209950757090713,
              0.017242668713850717,
              0.4342301229974133,
              0.2062460358225215
            ],
            [
              0.2792441914752028,
              0.13263245562208223,
              0.08074089985189843,
              0.06299636240027484,
              0.038349459517566596,
              0.02992134660444326,
              0.018214821088037448,
              0.3579004634404945
            ],
            [
              0.4291106474948903,
              0.20381444143980712,
              0.12407341270640147,
              0.09680562992768714,
              0.0589310786295206,
              0.045979715271863945,
              0.027990461072080763,
              0.013294613457748652
            ]
          ],
          "T_fitted": [
            [
              0.01281444620201153,
              0.3845275152986279,
              0.2181337296995856,
              0.16429355491566777,
              0.09320000383204355,
              0.070196204726377,
              0.039820713313138904,
              0.017013832012547775
            ],
            [
              0.02063692054818319,
              0.008817348315737826,
              0.3512916889051813,
              0.26458521780215416,
              0.1500931873177894,
              0.11304690634971382,
              0.06412894352673866,
              0.027399787234501687
            ],
            [
              0.03156891353569941,
              0.013488160985248241,
              0.007651527512187726,
              0.40474390760571816,
              0.2296020300930981,
              0.17293122797561036,
              0.09809995966232439,
              0.04191427263011365
            ],
            [
              0.05252564497281628,
              0.022442151974795377,
              0.012730923322730825,
              0.009588653038348549,
              0.38202121539818,
              0.28773002514287577,
              0.16322271107758876,
              0.06973867507266442
            ],
            [
              0.08425426807952024,
              0.03599855060788532,
              0.020421160503375124,
              0.015380771507567996,
              0.008725162494541777,
              0.46153612555278906,
              0.26181896601011684,
              0.11186499524420372
            ],
            [
              0.15458492480738587,
              0.06604808712649034,
              0.03746758037129193,
              0.0282197621695905,
              0.01600843042014167,
              0.012057199709404633,
              0.480370503433989,
              0.20524351196170607
            ],
            [
              0.29362573080814813,
              0.12545478076313285,
              0.07116764899191506,
              0.05360191687903998,
              0.030407150548880085,
              0.022902000829543856,
              0.012991785138318902,
              0.3898489860410211
            ],
            [
              0.47689593471289154,
              0.20375896475955188,
              0.1155878348736884,
              0.08705822947490516,
              0.049386157143151074,
              0.03719657355075931,
              0.021100771720772207,
              0.00901553376428048
            ]
          ],
          "residual_zero": [
            [
              -0.010382682235807138,
              0.08219467355839372,
              0.025350812221918317,
              -0.03221546914079837,
              -0.00436975020969127,
              -0.02686442147177036,
              -0.033229248861425545,
              -0.0004839138608192725
            ],
            [
              -0.004226666272854701,
              -0.005251112116543165,
              0.09536595494708444,
              -0.00126126331067139,
              -0.02434774190940389,
              -0.04391197242046885,
              -0.027400161297442556,
              0.011032962380300014
            ],
            [
              -0.039696996227439885,
              -0.011279102260900599,
              0.0036734923504373462,
              0.04619017167230349,
              0.05477297101607831,
              -0.02444985968805513,
              -0.0010592785887349881,
              -0.028151398273688594
            ],
            [
              -0.03209913104234452,
              -0.02953090112157366,
              -0.010458337780527696,
              0.0010113185885231215,
              0.06782243318750397,
              -0.019961219188013912,
              -0.0023600136294893714,
              0.025575850985921994
            ],
            [
              0.011992275584625275,
              0.000737398864396159,
              -0.01216591549738223,
              -0.006136907735559289,
              -0.0053962919569269215,
              -0.0007185010029441274,
              0.011153293951493448,
              0.0005346477922975879
            ],
            [
              -0.032131185033901694,
              0.022053211793187505,
              0.014077787456825211,
              0.0015760966461573836,
              -0.014523749995149556,
              0.005484604013422011,
              -0.03271497148226182,
              0.03617820660172094
            ],
            [
              -0.025512848191620696,
              0.01662127572120134,
              -0.006114034180256647,
              -0.01822024299728977,
              -0.00849871324890988,
              -0.02992134660444326,
              -0.010752134520873268,
              0.08239804402219209
            ],
            [
              0.02953596904646305,
              0.03678706231959136,
              0.041340121128184984,
              0.0009387309745684941,
              -0.043893484644558195,
              -0.03094212128690154,
              -0.02047166407959956,
              -0.013294613457748652
            ]
          ]
        },
        {
          "n_primes": 8363,
          "log10_mid": 4.5,
          "ln_N": 10.361632918473207,
          "lambda_pnt": 0.09650988486738928,
          "r2_zero_param": 0.9608214218637474,
          "frob_zero": 0.1680757566524648,
          "max_err_zero": 0.06715730208076645,
          "mean_err_zero": 0.016337881772580456,
          "lambda_fitted": 0.1012022222101134,
          "r2_fitted": 0.9626069005879709,
          "lambda_ratio": 1.0486202770749513,
          "frob_fitted": 0.1642012548860837,
          "max_err_fitted": 0.06561451905647384,
          "mean_err_fitted": 0.015444468216970562,
          "leading_mag": 0.4788973689716647,
          "leading_angle": 90.32008976243483,
          "T_empirical": [
            [
              0.01447876447876448,
              0.3310810810810811,
              0.21814671814671815,
              0.15926640926640925,
              0.10714285714285714,
              0.07915057915057915,
              0.06177606177606178,
              0.02895752895752896
            ],
            [
              0.026794258373205742,
              0.011483253588516746,
              0.3349282296650718,
              0.2430622009569378,
              0.1645933014354067,
              0.10143540669856459,
              0.07177033492822966,
              0.045933014354066985
            ],
            [
              0.04789272030651341,
              0.022030651340996167,
              0.018199233716475097,
              0.328544061302682,
              0.24904214559386972,
              0.15229885057471265,
              0.11398467432950192,
              0.06800766283524905
            ],
            [
              0.05052430886558627,
              0.03622497616777884,
              0.03145853193517636,
              0.020972354623450904,
              0.34413727359389895,
              0.23641563393708293,
              0.16205910390848427,
              0.11820781696854146
            ],
            [
              0.11625708884688091,
              0.07561436672967864,
              0.035916824196597356,
              0.02930056710775047,
              0.01606805293005671,
              0.3431001890359168,
              0.2334593572778828,
              0.1502835538752363
            ],
            [
              0.16122840690978887,
              0.08829174664107485,
              0.09788867562380038,
              0.036468330134357005,
              0.03262955854126679,
              0.01727447216890595,
              0.31957773512476007,
              0.24664107485604606
            ],
            [
              0.24448705656759348,
              0.1725790987535954,
              0.10930009587727708,
              0.061361457334611694,
              0.03547459252157239,
              0.030680728667305847,
              0.01821668264621285,
              0.32790028763183127
            ],
            [
              0.33014354066985646,
              0.26507177033492824,
              0.15502392344497606,
              0.12631578947368421,
              0.06220095693779904,
              0.03253588516746411,
              0.015311004784688996,
              0.013397129186602871
            ]
          ],
          "T_zero_param": [
            [
              0.029297553774305058,
              0.29700270913370436,
              0.20188570510479362,
              0.16644783403320515,
              0.11314185798161096,
              0.09328157825615403,
              0.06340756033660884,
              0.035535201379618034
            ],
            [
              0.04072405707184562,
              0.022822792130161428,
              0.2806242814677597,
              0.2313650875042763,
              0.1572689487031095,
              0.12966284987203025,
              0.08813749863987758,
              0.04939448461093979
            ],
            [
              0.0554152215653239,
              0.03105609248118335,
              0.021110181609625845,
              0.314829820710419,
              0.21400357096919773,
              0.17643859848672605,
              0.1199330166620086,
              0.06721349751551557
            ],
            [
              0.0788744794318093,
              0.044203254240388345,
              0.030046881310533298,
              0.02477262226661886,
              0.3045989852597834,
              0.2511314078373511,
              0.17070497940265966,
              0.0956673902508561
            ],
            [
              0.11074142730643756,
              0.06206229824187957,
              0.042186453037858784,
              0.03478128245905406,
              0.023642355836336944,
              0.3525937761583195,
              0.23967337982509354,
              0.13431902713502006
            ],
            [
              0.16605438690514862,
              0.09306108052917166,
              0.06325767840719586,
              0.05215378449594247,
              0.03545120375352137,
              0.02922830061484801,
              0.35938507487547217,
              0.20140849041869985
            ],
            [
              0.25141368991546903,
              0.14089859400537297,
              0.09577492435007805,
              0.07896313760545717,
              0.05367469124865129,
              0.044252940524449766,
              0.03008065524653892,
              0.3049413671039828
            ],
            [
              0.3531504845927654,
              0.19791446825416179,
              0.13453110273126953,
              0.11091627635594656,
              0.0753946343621998,
              0.06216028807388623,
              0.04225306100377757,
              0.02367968462599303
            ]
          ],
          "T_fitted": [
            [
              0.02698289630761491,
              0.30614429044997366,
              0.20423016944199018,
              0.16680795739154794,
              0.11127830394052361,
              0.09088817109162214,
              0.060631888822854835,
              0.033036322553872774
            ],
            [
              0.03808143275256172,
              0.020749320533339905,
              0.2882336045391304,
              0.23541898318030896,
              0.15704901356843082,
              0.12827206301245556,
              0.08557084349083503,
              0.04662473892293768
            ],
            [
              0.05248207580201293,
              0.02859575741665743,
              0.01907635244133457,
              0.3244435943569021,
              0.21643771357776156,
              0.17677864638240046,
              0.11792979333809558,
              0.06425606668483531
            ],
            [
              0.07593581809120684,
              0.04137493039648963,
              0.02760139355565223,
              0.022543839104468583,
              0.31316167653733046,
              0.25577934807199215,
              0.17063150032857075,
              0.09297149391428923
            ],
            [
              0.10818957333966399,
              0.05894894108045245,
              0.039325091471055826,
              0.03211933966683528,
              0.02142694927571912,
              0.3644216817914371,
              0.24310726720138517,
              0.13246115617345103
            ],
            [
              0.16566075220120796,
              0.09026309670520022,
              0.06021489901825922,
              0.049181393411256755,
              0.03280911852058684,
              0.026797324113227078,
              0.3722478193321121,
              0.20282559669814978
            ],
            [
              0.2565882355761233,
              0.1398064925667737,
              0.09326551092635273,
              0.07617596075648828,
              0.050817310196566275,
              0.04150577623855737,
              0.02768868137819172,
              0.3141520323609465
            ],
            [
              0.3660658617407094,
              0.1994572512784544,
              0.13305878794982393,
              0.10867769777378371,
              0.0724993583851668,
              0.0592149040343548,
              0.039502516498518964,
              0.021523622339187868
            ]
          ],
          "residual_zero": [
            [
              -0.014818789295540579,
              0.03407837194737673,
              0.016261013041924538,
              -0.007181424766795896,
              -0.005999000838753821,
              -0.014130999105574887,
              -0.0016314985605470622,
              -0.006577672422089075
            ],
            [
              -0.013929798698639879,
              -0.011339538541644682,
              0.0543039481973121,
              0.0116971134526615,
              0.007324352732297201,
              -0.028227443173465663,
              -0.01636716371164791,
              -0.003461470256872802
            ],
            [
              -0.007522501258810488,
              -0.009025441140187183,
              -0.0029109478931507483,
              0.013714240592263005,
              0.035038574624672,
              -0.0241397479120134,
              -0.005948342332506684,
              0.0007941653197334753
            ],
            [
              -0.02835017056622302,
              -0.007978278072609507,
              0.00141165062464306,
              -0.003800267643167956,
              0.039538288334115546,
              -0.014715773900268181,
              -0.008645875494175392,
              0.022540426717685358
            ],
            [
              0.005515661540443348,
              0.013552068487799072,
              -0.006269628841261428,
              -0.005480715351303591,
              -0.007574302906280233,
              -0.009493587122402669,
              -0.006214022547210735,
              0.01596452674021623
            ],
            [
              -0.004825979995359747,
              -0.004769333888096805,
              0.03463099721660452,
              -0.015685454361585464,
              -0.0028216452122545796,
              -0.01195382844594206,
              -0.0398073397507121,
              0.04523258443734621
            ],
            [
              -0.006926633347875549,
              0.03168050474822243,
              0.013525171527199037,
              -0.01760168027084548,
              -0.018200098727078902,
              -0.013572211857143919,
              -0.01186397260032607,
              0.02295892052784848
            ],
            [
              -0.023006943922908918,
              0.06715730208076645,
              0.020492820713706533,
              0.015399513117737657,
              -0.013193677424400758,
              -0.02962440290642212,
              -0.026942056219088573,
              -0.01028255543939016
            ]
          ]
        },
        {
          "n_primes": 68906,
          "log10_mid": 5.5,
          "ln_N": 12.664218011467252,
          "lambda_pnt": 0.07896263307331851,
          "r2_zero_param": 0.9705321663151356,
          "frob_zero": 0.11838750983686053,
          "max_err_zero": 0.04374762617367589,
          "mean_err_zero": 0.012062856982638512,
          "lambda_fitted": 0.0811836619862466,
          "r2_fitted": 0.9711880096245712,
          "lambda_ratio": 1.0281275943630934,
          "frob_fitted": 0.11706266616887814,
          "max_err_fitted": 0.04396453964570707,
          "mean_err_fitted": 0.011806804849402296,
          "leading_mag": 0.38947875201724624,
          "leading_angle": 94.4689370786947,
          "T_empirical": [
            [
              0.02610814574147134,
              0.2828962636342539,
              0.2198886052448364,
              0.162334648410304,
              0.11174286377349733,
              0.08377813877929914,
              0.06950568577396148,
              0.04374564864237642
            ],
            [
              0.03471899674872271,
              0.0286809103576405,
              0.2931955411054343,
              0.20854621458430098,
              0.16616349280074316,
              0.11855550394797956,
              0.08290757083139805,
              0.06723176962378077
            ],
            [
              0.057710171853228055,
              0.04609846725499303,
              0.0284486762656758,
              0.2908732001857873,
              0.2196934509986066,
              0.15873200185787273,
              0.1161170459823502,
              0.0823269856014863
            ],
            [
              0.07876116459807447,
              0.060549820206472565,
              0.04802227119823686,
              0.028998956037582648,
              0.28534972740981324,
              0.21772416193017052,
              0.16204616633801183,
              0.11854773228163785
            ],
            [
              0.13258897418004187,
              0.07408699697604094,
              0.05536171202605257,
              0.04035822284252152,
              0.028727611072342406,
              0.2892533147243545,
              0.2198185624563852,
              0.159804605722261
            ],
            [
              0.1598417868776175,
              0.10644485807352257,
              0.0985342019543974,
              0.055141926477431366,
              0.0460679385760819,
              0.02791996277338297,
              0.2896696137738483,
              0.216379711493718
            ],
            [
              0.22184932299502372,
              0.18736257377618332,
              0.10056706399722254,
              0.075222775141766,
              0.05809512787871774,
              0.046175211202407127,
              0.023839833352621225,
              0.28688809165605833
            ],
            [
              0.2889508539560823,
              0.21343092831416288,
              0.15580341582432902,
              0.13930521668409435,
              0.08214244219821076,
              0.05611711397699547,
              0.040199837341698616,
              0.02405019170442663
            ]
          ],
          "T_zero_param": [
            [
              0.03952707200318747,
              0.2629828965882366,
              0.1917588256001193,
              0.1637454683017509,
              0.11939802590298887,
              0.10195559763470584,
              0.0743428029709519,
              0.04628931099805917
            ],
            [
              0.05189809926963706,
              0.03231418726892827,
              0.25177474734332683,
              0.214993879844988,
              0.15676674964470738,
              0.1338652588968504,
              0.09761032054836749,
              0.06077675718319466
            ],
            [
              0.06724400599542789,
              0.04186926752672938,
              0.030529748032374397,
              0.278566073685376,
              0.20312158636529903,
              0.1734482842053854,
              0.12647301293383115,
              0.07874802125557667
            ],
            [
              0.08995809198512096,
              0.056012121285207966,
              0.0408422704912262,
              0.03487577005732587,
              0.27173322112391185,
              0.2320366919583934,
              0.16919383018183876,
              0.10534800291697508
            ],
            [
              0.11935576408205525,
              0.07431648878189309,
              0.05418923738547683,
              0.04627292655151791,
              0.03374075716601776,
              0.3078646517797116,
              0.2244851845308479,
              0.13977498972247948
            ],
            [
              0.1655541358005029,
              0.10308175872893477,
              0.07516396408700732,
              0.06418353085092811,
              0.04680060436825204,
              0.03996367236345668,
              0.3113754162678809,
              0.19387691753303712
            ],
            [
              0.23065233685903103,
              0.14361494760250743,
              0.10471948574663069,
              0.08942139262814665,
              0.06520325639560082,
              0.05567794712907414,
              0.040598601246733576,
              0.27011203239227577
            ],
            [
              0.30543240343061245,
              0.19017651939769556,
              0.1386707139115588,
              0.11841280795355574,
              0.08634288116743637,
              0.07372936013264517,
              0.05376112171059228,
              0.033474192295903586
            ]
          ],
          "T_fitted": [
            [
              0.03808549066590257,
              0.2672651601725674,
              0.1931576368764178,
              0.16420888443212292,
              0.11867689769419212,
              0.10089065746179511,
              0.07291560548200751,
              0.044799667214994565
            ],
            [
              0.05036865660710591,
              0.03094672312117727,
              0.2554539934437203,
              0.21716881592397172,
              0.15695205188749384,
              0.13342947121613186,
              0.09643202777772085,
              0.05924826002267827
            ],
            [
              0.06567724862999309,
              0.04035238907734488,
              0.029163442445940383,
              0.2831731334305169,
              0.20465463304312645,
              0.17398281284305864,
              0.12574070247008076,
              0.07725563805993882
            ],
            [
              0.0885592195285231,
              0.05441117216912469,
              0.03932399355410933,
              0.033430462379635,
              0.2759563616512216,
              0.23459847113208765,
              0.16954879666858177,
              0.10417152291671702
            ],
            [
              0.11836232316990332,
              0.07272232951715345,
              0.05255781677122359,
              0.04468091761607291,
              0.03229175270962381,
              0.31354860852582395,
              0.22660756916326882,
              0.1392286825269301
            ],
            [
              0.16579595990765553,
              0.10186576358179414,
              0.07362033330257765,
              0.06258677108827934,
              0.04523265507308047,
              0.03845358614635427,
              0.31742042945400634,
              0.1950245014462524
            ],
            [
              0.23339357485346718,
              0.14339803413047625,
              0.10363649862736472,
              0.08810437993160443,
              0.06367471845212679,
              0.054131716729600356,
              0.039122025769472026,
              0.2745390515058882
            ],
            [
              0.31139999125026396,
              0.19132551785785376,
              0.13827460668542887,
              0.11755123574861334,
              0.08495652368024366,
              0.07222399385476873,
              0.052197660068212526,
              0.03207047085461505
            ]
          ],
          "residual_zero": [
            [
              -0.013418926261716129,
              0.019913367046017316,
              0.02812977964471708,
              -0.0014108198914468961,
              -0.007655162129491536,
              -0.018177458855406697,
              -0.004837117196990426,
              -0.0025436623556827492
            ],
            [
              -0.017179102520914348,
              -0.0036332769112877687,
              0.041420793762107444,
              -0.006447665260687019,
              0.00939674315603578,
              -0.015309754948870824,
              -0.014702749716969443,
              0.006455012440586112
            ],
            [
              -0.009533834142199833,
              0.004229199728263654,
              -0.0020810717666985973,
              0.01230712650041127,
              0.016571864633307565,
              -0.014716282347512682,
              -0.010355966951480944,
              0.0035789643459096243
            ],
            [
              -0.011196927387046487,
              0.004537698921264599,
