{
  "experiment": "Wave 22b \u2014 Corrected Boltzmann Fit",
  "timestamp": 1773763727475,
  "elapsed_seconds": 3.7932205200195312,
  "max_prime": 100000000,
  "total_primes": 5761455,
  "results": {
    "mod_30": {
      "modulus": 30,
      "phi_m": 8,
      "columns": [
        1,
        7,
        11,
        13,
        17,
        19,
        23,
        29
      ],
      "scales": [
        {
          "label": "10^3\u201310^4",
          "n_primes": 1061,
          "log10_N_mid": 3.5,
          "ln_N_mid": 8.05904782547916,
          "lambda_1param": 0.048126756361144524,
          "r2_1param": 0.20236304395323457,
          "frob_1param": 0.9926125070138936,
          "max_err_1param": 0.26852912867337525,
          "mean_err_1param": 0.09191332480974387,
          "row_lambdas": [
            0.03265704002568781,
            0.03173539882333528,
            0.542374989469045,
            0.5627767160781755,
            0.0587114474155479,
            0.06522096623134406,
            0.6251958090256706,
            -0.6293611566936783
          ],
          "row_r2s": [
            0.042768117158225705,
            0.043553181921118456,
            0.1929491888079521,
            0.24164873152680544,
            0.1572090928598503,
            0.25024424939667156,
            0.25508368807425785,
            0.22415120958278423
          ],
          "cv_row_lambda": 2.4029705898183167,
          "lambda_2param": 0.14145007902755377,
          "mu_2param": 4.401147893846332,
          "r2_2param": 0.9629689448178492,
          "frob_2param": 0.21387506421080443,
          "max_err_2param": 0.07899660960019089,
          "mean_err_2param": 0.020686729224730867,
          "lambda_pnt": 0.12408413768664338,
          "r2_pnt": -0.2316421483868687,
          "frob_pnt": 1.2334438406492951,
          "max_err_pnt": 0.4267674364302491,
          "leading_complex_magnitude": 0.6077389900153155,
          "leading_complex_angle_deg": 80.97690244384971,
          "n_complex": 6,
          "T_empirical": [
            [
              0.007462686567164179,
              0.43283582089552236,
              0.23880597014925373,
              0.13432835820895522,
              0.09701492537313433,
              0.05223880597014925,
              0.014925373134328358,
              0.022388059701492536
            ],
            [
              0.022900763358778626,
              0.007633587786259542,
              0.4198473282442748,
              0.25190839694656486,
              0.1297709923664122,
              0.07633587786259542,
              0.04580152671755725,
              0.04580152671755725
            ],
            [
              0.0,
              0.007575757575757576,
              0.015151515151515152,
              0.4166666666666667,
              0.2803030303030303,
              0.15151515151515152,
              0.10606060606060606,
              0.022727272727272728
            ],
            [
              0.03007518796992481,
              0.0,
              0.007518796992481203,
              0.015037593984962405,
              0.42105263157894735,
              0.2556390977443609,
              0.16541353383458646,
              0.10526315789473684
            ],
            [
              0.10687022900763359,
              0.04580152671755725,
              0.015267175572519083,
              0.015267175572519083,
              0.007633587786259542,
              0.4198473282442748,
              0.26717557251908397,
              0.12213740458015267
            ],
            [
              0.12878787878787878,
              0.09848484848484848,
              0.06060606060606061,
              0.03787878787878788,
              0.007575757575757576,
              0.022727272727272728,
              0.4015151515151515,
              0.24242424242424243
            ],
            [
              0.2537313432835821,
              0.14925373134328357,
              0.07462686567164178,
              0.04477611940298507,
              0.029850746268656716,
              0.0,
              0.007462686567164179,
              0.44029850746268656
            ],
            [
              0.45864661654135336,
              0.24060150375939848,
              0.16541353383458646,
              0.09774436090225563,
              0.015037593984962405,
              0.015037593984962405,
              0.007518796992481203,
              0.0
            ]
          ],
          "T_1param": [
            [
              0.22630867135688307,
              0.16954855258123705,
              0.13985865511122558,
              0.12702434913357635,
              0.10478092773861143,
              0.09516557367883002,
              0.07850098950996484,
              0.05881228088967173
            ],
            [
              0.06458090893565802,
              0.20498995797841363,
              0.16909386366144818,
              0.15357675187849826,
              0.12668370002029797,
              0.115058410422395,
              0.09491036222913991,
              0.07110604487414907
            ],
            [
              0.07657268847416718,
              0.05736761397699821,
              0.2004922500849507,
              0.18209382574938668,
              0.15020710696521397,
              0.13642316224419607,
              0.11253390080314525,
              0.08430945170194196
            ],
            [
              0.09042277831817701,
              0.06774398476337787,
              0.055881235531879625,
              0.21503005793508706,
              0.17737582688522632,
              0.16109871029581607,
              0.132888477189036,
              0.09955892908140002
            ],
            [
              0.10819704664290136,
              0.08106031705227709,
              0.06686572520510929,
              0.06072970755202015,
              0.2122423240225312,
              0.19276563932435337,
              0.159010163502529,
              0.11912907669827856
            ],
            [
              0.12913608670369264,
              0.09674766969971121,
              0.07980604235983359,
              0.0724825401733098,
              0.05979001550501189,
              0.2300709777729929,
              0.18978290903449652,
              0.14218375875095163
            ],
            [
              0.15667437658910546,
              0.11737912479438252,
              0.09682469287969475,
              0.08793945275192681,
              0.0725402452917355,
              0.06588349814206884,
              0.23025414289092289,
              0.1725044666601634
            ],
            [
              0.1901174878679781,
              0.14243442239808898,
              0.11749252031270632,
              0.10671067091926532,
              0.0880244077202262,
              0.07994673686543148,
              0.06594714568956839,
              0.20932660822673518
            ]
          ],
          "T_2param": [
            [
              0.011024029109729142,
              0.3847234538612984,
              0.2184865504018937,
              0.16465037730230928,
              0.09350584841682466,
              0.07046554212825944,
              0.04001776618316919,
              0.017126432596516104
            ],
            [
              0.020753938517791497,
              0.007586649361323018,
              0.3513340981410348,
              0.2647636282951106,
              0.15036071036870863,
              0.11331108321364455,
              0.06434998294275182,
              0.027539909159635178
            ],
            [
              0.03172076344688674,
              0.013575558280702466,
              0.006585202928458669,
              0.4046703913712071,
              0.22981452514292236,
              0.17318708270477245,
              0.098353890033372,
              0.04209258609167831
            ],
            [
              0.05274341051936832,
              0.022572635889662816,
              0.012819123189688463,
              0.008251478316218452,
              0.3821220086087331,
              0.28796524443821714,
              0.16353703487915508,
              0.0699890641589566
            ],
            [
              0.08452835380493869,
              0.036175661262762164,
              0.020544355584460564,
              0.015482124149939972,
              0.007510035844041166,
              0.46150273229791877,
              0.26208992191355507,
              0.11216681514238362
            ],
            [
              0.15497302549614433,
              0.06632391881369361,
              0.03766571568564538,
              0.02838469593480876,
              0.016119823828673743,
              0.010376090066016086,
              0.4805117611153424,
              0.20564496905967553
            ],
            [
              0.2939813323762464,
              0.12581540535097027,
              0.07145125576996889,
              0.05384531084228793,
              0.030579046073678007,
              0.023044216974978347,
              0.01117823974306654,
              0.39010519286880363
            ],
            [
              0.4767877224116874,
              0.204051189498042,
              0.11588178482849479,
              0.08732793647654803,
              0.0495940120181897,
              0.03737380070173609,
              0.021224785514828804,
              0.007758768550473151
            ]
          ]
        },
        {
          "label": "10^4\u201310^5",
          "n_primes": 8363,
          "log10_N_mid": 4.5,
          "ln_N_mid": 10.361632918473207,
          "lambda_1param": 0.03517107090965892,
          "r2_1param": 0.17933866384353658,
          "frob_1param": 0.7692415357731903,
          "max_err_1param": 0.18178461626484974,
          "mean_err_1param": 0.07480618939493579,
          "row_lambdas": [
            0.01531216417110634,
            0.030403788343894612,
            0.048865353495610955,
            0.042618092084670045,
            0.03700466911010808,
            0.02461194595275049,
            0.02931307347753303,
            0.049150570106293354
          ],
          "row_r2s": [
            0.01731355203452145,
            0.05131886963200116,
            0.176793669263837,
            0.1675114291670795,
            0.11590697200661682,
            0.05562154764596905,
            0.06528712969701322,
            0.1135328432776227
          ],
          "cv_row_lambda": 0.3229920325618595,
          "lambda_2param": 0.09969273677738065,
          "mu_2param": 3.4735655694555314,
          "r2_2param": 0.9635508149841302,
          "frob_2param": 0.16211554134412615,
          "max_err_2param": 0.06438049475000482,
          "mean_err_2param": 0.015096728046585076,
          "lambda_pnt": 0.09650988486738928,
          "r2_pnt": -0.31752216360565844,
          "frob_pnt": 0.9746747259613004,
          "max_err_pnt": 0.3411683922292594,
          "leading_complex_magnitude": 0.4788973689716647,
          "leading_complex_angle_deg": 90.32008976243483,
          "n_complex": 6,
          "T_empirical": [
            [
              0.01447876447876448,
              0.3310810810810811,
              0.21814671814671815,
              0.15926640926640925,
              0.10714285714285714,
              0.07915057915057915,
              0.06177606177606178,
              0.02895752895752896
            ],
            [
              0.026794258373205742,
              0.011483253588516746,
              0.3349282296650718,
              0.2430622009569378,
              0.1645933014354067,
              0.10143540669856459,
              0.07177033492822966,
              0.045933014354066985
            ],
            [
              0.04789272030651341,
              0.022030651340996167,
              0.018199233716475097,
              0.328544061302682,
              0.24904214559386972,
              0.15229885057471265,
              0.11398467432950192,
              0.06800766283524905
            ],
            [
              0.05052430886558627,
              0.03622497616777884,
              0.03145853193517636,
              0.020972354623450904,
              0.34413727359389895,
              0.23641563393708293,
              0.16205910390848427,
              0.11820781696854146
            ],
            [
              0.11625708884688091,
              0.07561436672967864,
              0.035916824196597356,
              0.02930056710775047,
              0.01606805293005671,
              0.3431001890359168,
              0.2334593572778828,
              0.1502835538752363
            ],
            [
              0.16122840690978887,
              0.08829174664107485,
              0.09788867562380038,
              0.036468330134357005,
              0.03262955854126679,
              0.01727447216890595,
              0.31957773512476007,
              0.24664107485604606
            ],
            [
              0.24448705656759348,
              0.1725790987535954,
              0.10930009587727708,
              0.061361457334611694,
              0.03547459252157239,
              0.030680728667305847,
              0.01821668264621285,
              0.32790028763183127
            ],
            [
              0.33014354066985646,
              0.26507177033492824,
              0.15502392344497606,
              0.12631578947368421,
              0.06220095693779904,
              0.03253588516746411,
              0.015311004784688996,
              0.013397129186602871
            ]
          ],
          "T_1param": [
            [
              0.1959121312843465,
              0.15864037110165735,
              0.13782097217333988,
              0.12845946383353138,
              0.11160089999448021,
              0.10402039363500933,
              0.09036912657903325,
              0.07317664139860211
            ],
            [
              0.07819165311695843,
              0.18186571881467334,
              0.15799830773202023,
              0.14726625112129887,
              0.127939551306613,
              0.11924923982744391,
              0.10359939307894359,
              0.08388988500204862
            ],
            [
              0.088707966492769,
              0.0718315125859216,
              0.17924814260214803,
              0.16707268805844694,
              0.14514666179816918,
              0.13528755499104297,
              0.11753289671688702,
              0.09517257675461523
            ],
            [
              0.10044422565557384,
              0.08133497976136828,
              0.07066086586010004,
              0.18917677232059962,
              0.16434988453936633,
              0.15318639620736732,
              0.13308275757562965,
              0.10776411807999495
            ],
            [
              0.11457283892285892,
              0.09277566205694694,
              0.0806001136401785,
              0.07512533992371502,
              0.18746754953229477,
              0.17473379065136938,
              0.15180234849345348,
              0.12292235677918296
            ],
            [
              0.13052292169839153,
              0.10569128414744491,
              0.09182073535440301,
              0.08558379937700704,
              0.07435208547809533,
              0.1990590884337557,
              0.17293528058062158,
              0.14003480493028092
            ],
            [
              0.1499845198048566,
              0.12145036514769135,
              0.10551165052895585,
              0.09834475727027624,
              0.0854383405750808,
              0.0796349296339139,
              0.19872076626616234,
              0.16091467077306296
            ],
            [
              0.17230427092182632,
              0.13952384317521366,
              0.12121322948397759,
              0.11297980433238167,
              0.09815273603378431,
              0.09148569804627374,
              0.07947943992525332,
              0.18486097808128946
            ]
          ],
          "T_2param": [
            [
              0.017281911490668128,
              0.3064545706716481,
              0.20567527242859984,
              0.1684961842369569,
              0.11308527237874817,
              0.09264330448780979,
              0.06217703605286394,
              0.03418644825270516
            ],
            [
              0.03923758966331344,
              0.013312391863544885,
              0.2881525256382634,
              0.2360643575427586,
              0.15843327427578535,
              0.12979393126076622,
              0.08711047158842979,
              0.04789545816713834
            ],
            [
              0.053820649847104156,
              0.029591903662964013,
              0.012255151580479491,
              0.32380014261093937,
              0.21731665609673928,
              0.17803320200364475,
              0.1194859885534846,
              0.06569630564464436
            ],
            [
              0.07756869487504488,
              0.042649157015477474,
              0.02862374337828728,
              0.014469856474663626,
              0.3132063517612846,
              0.25658930472001706,
              0.17220847786636378,
              0.0946844139088614
            ],
            [
              0.10995092434637138,
              0.060453695192361746,
              0.04057315967177013,
              0.03323891348923975,
              0.013765519373831202,
              0.36370640600316406,
              0.24409952174894547,
              0.13421186017431636
            ],
            [
              0.1675791559214423,
              0.09213909999295494,
              0.06183864202398157,
              0.05066032049649129,
              0.0340003909767106,
              0.01718785593531577,
              0.37203863504278045,
              0.20455589961032306
            ],
            [
              0.2577493234952225,
              0.14171685350757915,
              0.09511247422093656,
              0.07791937645361424,
              0.05229515404009084,
              0.04284197028545621,
              0.017742516528660362,
              0.3146223314684401
            ],
            [
              0.36500980111473347,
              0.20069127558492342,
              0.13469282800875232,
              0.1103449495681992,
              0.07405739621967121,
              0.06067033985269623,
              0.040718559524795125,
              0.013814850126229083
            ]
          ]
        },
        {
          "label": "10^5\u201310^6",
          "n_primes": 68906,
          "log10_N_mid": 5.5,
          "ln_N_mid": 12.664218011467252,
          "lambda_1param": 0.02794250716691745,
          "r2_1param": 0.16435416839419315,
          "frob_1param": 0.630438760148266,
          "max_err_1param": 0.15820457538301932,
          "mean_err_1param": 0.061793905524683085,
          "row_lambdas": [
            0.01537511025397392,
            0.03262839987224566,
            0.03173527075823362,
            0.025287491276968374,
            0.03171767914839822,
            0.019273808254272846,
            0.015683437984333165,
            0.024608418870012222
          ],
          "row_r2s": [
            0.028843046358011826,
            0.11173247251474883,
            0.13194973234158824,
            0.10131539516920496,
            0.14129012384759376,
            0.05646491979968693,
            0.02828313805401439,
            0.05901671505432615
          ],
          "cv_row_lambda": 0.2731609479309492,
          "lambda_2param": 0.07971512806338218,
          "mu_2param": 2.6909331813945943,
          "r2_2param": 0.9724862766004523,
          "frob_2param": 0.11439484762128285,
          "max_err_2param": 0.04231176177447732,
          "mean_err_2param": 0.011506140823580107,
          "lambda_pnt": 0.07896263307331851,
          "r2_pnt": -0.35117506621272043,
          "frob_pnt": 0.8016551591907991,
          "max_err_pnt": 0.2875355829152597,
          "leading_complex_magnitude": 0.38947875201724624,
          "leading_complex_angle_deg": 94.4689370786947,
          "n_complex": 6,
          "T_empirical": [
            [
              0.02610814574147134,
              0.2828962636342539,
              0.2198886052448364,
              0.162334648410304,
              0.11174286377349733,
              0.08377813877929914,
              0.06950568577396148,
              0.04374564864237642
            ],
            [
              0.03471899674872271,
              0.0286809103576405,
              0.2931955411054343,
              0.20854621458430098,
              0.16616349280074316,
              0.11855550394797956,
              0.08290757083139805,
              0.06723176962378077
            ],
            [
              0.057710171853228055,
              0.04609846725499303,
              0.0284486762656758,
              0.2908732001857873,
              0.2196934509986066,
              0.15873200185787273,
              0.1161170459823502,
              0.0823269856014863
            ],
            [
              0.07876116459807447,
              0.060549820206472565,
              0.04802227119823686,
              0.028998956037582648,
              0.28534972740981324,
              0.21772416193017052,
              0.16204616633801183,
              0.11854773228163785
            ],
            [
              0.13258897418004187,
              0.07408699697604094,
              0.05536171202605257,
              0.04035822284252152,
              0.028727611072342406,
              0.2892533147243545,
              0.2198185624563852,
              0.159804605722261
            ],
            [
              0.1598417868776175,
              0.10644485807352257,
              0.0985342019543974,
              0.055141926477431366,
              0.0460679385760819,
              0.02791996277338297,
              0.2896696137738483,
              0.216379711493718
            ],
            [
              0.22184932299502372,
              0.18736257377618332,
              0.10056706399722254,
              0.075222775141766,
              0.05809512787871774,
              0.046175211202407127,
              0.023839833352621225,
              0.28688809165605833
            ],
            [
              0.2889508539560823,
              0.21343092831416288,
              0.15580341582432902,
              0.13930521668409435,
              0.08214244219821076,
              0.05611711397699547,
              0.040199837341698616,
              0.02405019170442663
            ]
          ],
          "T_1param": [
            [
              0.17987864913306265,
              0.1521135694135044,
              0.1360275420603509,
              0.12863415481067247,
              0.11503107823563448,
              0.10877889360991524,
              0.09727551317645652,
              0.08226059956040345
            ],
            [
              0.08663394042835824,
              0.16940830933827475,
              0.15149336126116358,
              0.14325937372750452,
              0.1281096785802438,
              0.12114664411068504,
              0.10833537264804706,
              0.091613319905723
            ],
            [
              0.0958495600776986,
              0.08105474874534722,
              0.1676083525668806,
              0.15849848085973917,
              0.14173724839130503,
              0.1340335264156786,
              0.11985946567622416,
              0.1013586172671267
            ],
            [
              0.10592576461898755,
              0.08957564572952578,
              0.08010301095448764,
              0.17516066596869195,
              0.15663740552037841,
              0.14812382820172576,
              0.132459716437774,
              0.11201396256842892
            ],
            [
              0.11761837482309137,
              0.09946344888170143,
              0.08894517779307369,
              0.08411081753444362,
              0.17392781765683818,
              0.16447446953372102,
              0.1470812755799148,
              0.12437861819721577
            ],
            [
              0.13050028339133266,
              0.11035697683856344,
              0.09868671392328891,
              0.0933228803835386,
              0.08345397511550273,
              0.18248819469809408,
              0.163190047249057,
              0.13800092840062259
            ],
            [
              0.14557779307185026,
              0.12310720498639446,
              0.110088603987044,
              0.10410505338600766,
              0.09309593209048074,
              0.08803596947637046,
              0.18204440873564054,
              0.1539450342662118
            ],
            [
              0.16235168561672433,
              0.13729197166246565,
              0.12277332996569977,
              0.11610033743330331,
              0.10382271347862759,
              0.09817972740071007,
              0.08779721000543576,
              0.1716830244370335
            ]
          ],
          "T_2param": [
            [
              0.029227133784156974,
              0.26713120174141536,
              0.19419822538632817,
              0.16557912241269282,
              0.12037220483400118,
              0.10263288451603944,
              0.07461174100728327,
              0.046247486318082676
            ],
            [
              0.05180306684810441,
              0.023799849216145696,
              0.25512456455617327,
              0.21752671231209691,
              0.15813690512283674,
              0.13483217943526057,
              0.09801988611066487,
              0.06075683639871757
            ],
            [
              0.06723416568614005,
              0.04167455571602248,
              0.022455844539681705,
              0.28232357477283243,
              0.20524273034447327,
              0.17499599239085195,
              0.12721805221735003,
              0.07885508433264812
            ],
            [
              0.09028797899222718,
              0.05596427608789827,
              0.040684738549639055,
              0.025711630863250054,
              0.27561807507442904,
              0.23500008252450552,
              0.17083964244684582,
              0.10589357546120505
            ],
            [
              0.12005564981096942,
              0.07441552692758292,
              0.0540983725462147,
              0.04612586460219924,
              0.024854380016033732,
              0.3124788917419426,
              0.22716495059874428,
              0.1408063637563131
            ],
            [
              0.16735043037279357,
              0.10373081547896756,
              0.07540991150630172,
              0.06429670993950966,
              0.046742225868916236,
              0.02953979551329559,
              0.31665442074714206,
              0.19627569057307367
            ],
            [
              0.23401258056561333,
              0.145050812001706,
              0.10544859641235248,
              0.08990857675899629,
              0.06536146260633761,
              0.0557291066714832,
              0.03002897413658634,
              0.27445989084692474
            ],
            [
              0.31009906835276807,
              0.192212408225334,
              0.1397339896322759,
              0.11914131207177057,
              0.08661298726508687,
              0.07384878204919204,
              0.05368636208501503,
              0.024665090318557344
            ]
          ]
        },
        {
          "label": "10^6\u201310^7",
          "n_primes": 586081,
          "log10_N_mid": 6.5,
          "ln_N_mid": 14.966803104461299,
          "lambda_1param": 0.023237864591579747,
          "r2_1param": 0.15388895731737018,
          "frob_1param": 0.5362872488839868,
          "max_err_1param": 0.13441217732412553,
          "mean_err_1param": 0.05267537450259317,
          "row_lambdas": [
            0.012279906330321687,
            0.02422395946078899,
            0.026613209368089797,
            0.02034467485592652,
            0.02466830024358386,
            0.01490685235252125,
            0.016165904823253863,
            0.02289146667052084
          ],
          "row_r2s": [
            0.027638392213405027,
            0.09300096979489736,
            0.13470790793413412,
            0.09535014350056303,
            0.12377885770943464,
            0.05129333851555806,
            0.047367273768031515,
            0.07626744966318799
          ],
          "cv_row_lambda": 0.2414949127042271,
          "lambda_2param": 0.0665675259986088,
          "mu_2param": 2.203096590779013,
          "r2_2param": 0.9729849402264947,
          "frob_2param": 0.09582674927652714,
          "max_err_2param": 0.03931307242385468,
          "mean_err_2param": 0.009658308445017555,
          "lambda_pnt": 0.06681453567742335,
          "r2_pnt": -0.36460747208117117,
          "frob_pnt": 0.6810635878845761,
          "max_err_pnt": 0.24130587199868864,
          "leading_complex_magnitude": 0.3302149692504979,
          "leading_complex_angle_deg": 97.4012613632764,
          "n_complex": 6,
          "T_empirical": [
            [
              0.03594507821572512,
              0.257913791925678,
              0.20184438827788784,
              0.15710089486986817,
              0.12177061274677232,
              0.09101714597991666,
              0.07746430767128902,
              0.0569437803128629
            ],
            [
              0.04894122141570704,
              0.0373028434208372,
              0.259468973421383,
              0.20075860939802434,
              0.15869399115865307,
              0.12487038148774764,
              0.09283414288053267,
              0.0771298368171151
            ],
            [
              0.06693864185234204,
              0.05652808666821301,
              0.03804014135432727,
              0.26168288057196654,
              0.20245323436711193,
              0.1602379555470658,
              0.12247069899441951,
              0.09164836064455391
            ],
            [
              0.08911580413088883,
              0.06914392584604044,
              0.06077566789073485,
              0.037977966772691905,
              0.26124527323113045,
              0.2022852306390182,
              0.1583143352490683,
              0.12114179624042701
            ],
            [
              0.13891238505825534,
              0.08172119293841579,
              0.0652950967284237,
              0.05393053016453382,
              0.036808644164915826,
              0.2608665993615105,
              0.20288411689268465,
              0.15958143469126032
            ],
            [
              0.158354046598017,
              0.1123979131954877,
              0.10151320641337302,
              0.0667285788424244,
              0.06111551173144683,
              0.037625303870421456,
              0.2603998798175412,
              0.2018655595312884
            ],
            [
              0.20289993452640767,
              0.18475829332169358,
              0.11258729812309036,
              0.08184199039720647,
              0.06942928852029681,
              0.055475229157573115,
              0.03736086861632475,
              0.25564709733740726
            ],
            [
              0.2580275072729011,
              0.2008686507231927,
              0.16098720242566616,
              0.13984457161588157,
              0.08899572503653523,
              0.06696532226122348,
              0.04900501249709767,
              0.03530600816750208
            ]
          ],
          "T_1param": [
            [
              0.16982904752726574,
              0.14772687664097128,
              0.13461430405394575,
              0.12850116278602494,
              0.1170951081610156,
              0.11177755336621537,
              0.101855924239264,
              0.08860002322529731
            ],
            [
              0.09245884772932157,
              0.16149471316571837,
              0.1471600761859297,
              0.1404772029129522,
              0.1280081278069026,
              0.12219498800556274,
              0.11134868375526853,
              0.09685736043834427
            ],
            [
              0.10061563629085106,
              0.087521150868523,
              0.16014264795300712,
              0.15287020661153328,
              0.13930110039222957,
              0.1329751210584638,
              0.121171947751109,
              0.1054021890742832
            ],
            [
              0.10941121156661156,
              0.09517203793800408,
              0.08672435201860171,
              0.16623374988611933,
              0.1514784652597967,
              0.1445994841315365,
              0.131764505995978,
              0.1146161932033521
            ],
            [
              0.11937258490853697,
              0.10383700186663365,
              0.09462019409844104,
              0.09032327619371333,
              0.16526986308922342,
              0.15776458326406104,
              0.14376104107356644,
              0.12505145550582408
            ],
            [
              0.13017217430209604,
              0.11323109335654384,
              0.10318044472369951,
              0.09849478639700267,
              0.08975216578902,
              0.17203748119454698,
              0.15676704421553295,
              0.13636481002155793
            ],
            [
              0.14247662131697522,
              0.12393419481514797,
              0.11293351462424575,
              0.1078049472432923,
              0.09823593564492436,
              0.09377481870490628,
              0.1715853554219871,
              0.14925461222852093
            ],
            [
              0.15590540938702394,
              0.13561531148833272,
              0.12357778889097454,
              0.11796584084149324,
              0.10749492528438079,
              0.10261333659686156,
              0.0935051441330533,
              0.1633222433778799
            ]
          ],
          "T_2param": [
            [
              0.03976739312364106,
              0.24146843075679789,
              0.18502087176194906,
              0.1619574403862907,
              0.12409699568050803,
              0.10862791634612243,
              0.08323420050004957,
              0.05582675144464134
            ],
            [
              0.06152270351448755,
              0.033579988282732384,
              0.23293438151384657,
              0.20389838102419328,
              0.15623349226111719,
              0.1367584979373429,
              0.10478875615300097,
              0.07028379931327908
            ],
            [
              0.07685725193298845,
              0.051549611513101175,
              0.03214329127853089,
              0.25472010077409274,
              0.1951747272005965,
              0.17084558593027876,
              0.13090737843630626,
              0.08780205293410512
            ],
            [
              0.09843749708406312,
              0.06602388981367492,
              0.050589626197324766,
              0.03603680137043284,
              0.24997656247770672,
              0.21881620073405803,
              0.16766400513957577,
              0.11245541718316367
            ],
            [
              0.12525724489216034,
              0.08401240157561243,
              0.0643730020094859,
              0.05634870561442249,
              0.035135722744918295,
              0.27843367876686276,
              0.21334483274634497,
              0.14309441165019285
            ],
            [
              0.1647335403865772,
              0.11048989908603439,
              0.08466091151425743,
              0.07410766363300232,
              0.05678367348744353,
              0.04044904294348644,
              0.2805829686877238,
              0.18819230026147502
            ],
            [
              0.2168497425466218,
              0.1454452208978389,
              0.11144480245217235,
              0.09755285864576507,
              0.07474813536883647,
              0.06543054609298632,
              0.040798621751896046,
              0.24773007224388308
            ],
            [
              0.2748514521192861,
              0.18434806377040874,
              0.14125341088906787,
              0.12364573064416438,
              0.09474133244551426,
              0.08293152851103226,
              0.06354480233118487,
              0.034683679289341574
            ]
          ]
        },
        {
          "label": "10^7\u201310^8",
          "n_primes": 5096876,
          "log10_N_mid": 7.5,
          "ln_N_mid": 17.269388197455346,
          "lambda_1param": 0.01948279471080221,
          "r2_1param": 0.14279305119457386,
          "frob_1param": 0.46359555542833475,
          "max_err_1param": 0.11804574462902279,
          "mean_err_1param": 0.04582546148700667,
          "row_lambdas": [
            0.009982241823234957,
            0.02002867361993004,
            0.021707286005119043,
            0.01705911709659981,
            0.02081830213497468,
            0.012379838620985486,
            0.01301883629591981,
            0.019422457310814982
          ],
          "row_r2s": [
            0.025792669456303874,
            0.08870525204415558,
            0.1240696612122777,
            0.09180876432072371,
            0.12545069880392667,
            0.0491022110543653,
            0.04280958691687575,
            0.0768629996540724
          ],
          "cv_row_lambda": 0.247112906176475,
          "lambda_2param": 0.05646452247808251,
          "mu_2param": 1.8674023247147937,
          "r2_2param": 0.9729150271858364,
          "frob_2param": 0.08240633969870863,
          "max_err_2param": 0.033774271193685784,
          "mean_err_2param": 0.008339857655239417,
          "lambda_pnt": 0.057905930920433564,
          "r2_pnt": -0.39538916180648065,
          "frob_pnt": 0.5914854895764056,
          "max_err_pnt": 0.20980204635489008,
          "leading_complex_magnitude": 0.28409517141317603,
          "leading_complex_angle_deg": 99.98741937681737,
          "n_complex": 6,
          "T_empirical": [
            [
              0.044500542402363646,
              0.23425188506407568,
              0.1901987657402654,
              0.15721505037041922,
              0.1238278692771056,
              0.0982462585226247,
              0.08533221556058972,
              0.06642741306255602
            ],
            [
              0.05818107055304269,
              0.04554543086103151,
              0.2378453966470276,
              0.19143676844024948,
              0.15479953418732323,
              0.12708305214025858,
              0.09953920956234324,
              0.08556953760872363
            ],
            [
              0.07528879668180027,
              0.0662321704045586,
              0.04573196089847508,
              0.23700238381828367,
              0.19358989851117286,
              0.15743244409640106,
              0.1264961637631373,
              0.09822618182617116
            ],
            [
              0.09461519261953462,
              0.07661926462208395,
              0.07013451422453781,
              0.045878313996292185,
              0.23959512301560515,
              0.193179945151978,
              0.1556120326576488,
              0.12436561371231945
            ],
            [
              0.14171315203777007,
              0.08984050050383131,
              0.07371946797924403,
              0.06322847572977063,
              0.04612489366177066,
              0.23713346664197213,
              0.19169918288291965,
